7 0.26981 0.47762 0.02847 0.032895
9 0.26727999999999996 0.432705 0.017079999999999998 0.04175
0 0.341295 0.48047 0.023405000000000002 0.025935
0 0.39285000000000003 0.490905 0.01265 0.01645
9 0.39191000000000004 0.473195 0.006385 0.016255
7 0.195085 0.48989 0.007549999999999999 0.00842
2 0.042675 0.48684 0.00871 0.01103
7 0.7260800000000001 0.485605 0.027975 0.03064
9 0.72741 0.442975 0.014655 0.04263
7 0.51671 0.48679 0.0073 0.0073
10 0.90607 0.46672 0.00657 0.013865
7 0.89877 0.48971 0.00584 0.014595