28 0.1590277777777778 0.41712962962962963 0.06064814814814815 0.11018518518518519
28 0.8141203703703704 0.5097222222222222 0.05416666666666667 0.08796296296296297
28 0.6273148148148149 0.5319444444444444 0.010185185185185186 0.026851851851851852
5 0.5678240740740741 0.6273148148148149 0.014351851851851852 0.030555555555555558
14 0.28587962962962965 0.512962962962963 0.033796296296296297 0.05925925925925926
12 0.26342592592592595 0.5680555555555555 0.010185185185185186 0.015740740740740743
17 0.5863425925925926 0.3893518518518519 0.05787037037037037 0.03425925925925926
17 0.5865740740740741 0.41944444444444445 0.053703703703703705 0.02962962962962963
17 0.5865740740740741 0.44953703703703707 0.053703703703703705 0.026851851851851852
17 0.587037037037037 0.4759259259259259 0.05555555555555556 0.024074074074074074
17 0.5881944444444445 0.5046296296296297 0.05601851851851852 0.02962962962962963
