14 0.1824074074074074 0.5305555555555556 0.0712962962962963 0.10555555555555556
19 0.38101851851851853 0.5569444444444445 0.009259259259259259 0.017592592592592594
19 0.4113425925925926 0.5671296296296297 0.007870370370370371 0.017592592592592594
19 0.42638888888888893 0.5574074074074075 0.008333333333333333 0.016666666666666666
17 0.5847222222222223 0.5050925925925926 0.022222222222222223 0.021296296296296296
17 0.4039351851851852 0.5074074074074074 0.015277777777777779 0.02962962962962963
17 0.4305555555555556 0.513888888888889 0.012962962962962964 0.02962962962962963
23 0.17708333333333334 0.6592592592592593 0.051388888888888894 0.13703703703703704
23 0.8250000000000001 0.6097222222222223 0.03888888888888889 0.10648148148148148
14 0.819675925925926 0.5111111111111112 0.046759259259259264 0.08333333333333334
