8 0.13078703703703703 0.2967592592592593 0.030092592592592594 0.1212962962962963
16 0.2740740740740741 0.7856481481481482 0.02592592592592593 0.07685185185185185
17 0.24814814814814815 0.45555555555555555 0.05092592592592593 0.02777777777777778
17 0.24861111111111112 0.47962962962962963 0.05277777777777778 0.024074074074074074
17 0.2476851851851852 0.5027777777777778 0.05 0.024074074074074074
17 0.24629629629629632 0.525462962962963 0.05277777777777778 0.021296296296296296
17 0.24722222222222223 0.5472222222222223 0.05277777777777778 0.018518518518518517
17 0.24629629629629632 0.5703703703703704 0.05277777777777778 0.024074074074074074
14 0.3861111111111111 0.600925925925926 0.024074074074074074 0.037037037037037035
6 0.38703703703703707 0.6421296296296296 0.018518518518518517 0.03796296296296296
28 0.3039351851851852 0.6268518518518519 0.01898148148148148 0.03333333333333333
28 0.6280092592592593 0.65 0.028240740740740743 0.04814814814814815
3 0.274537037037037 0.7152777777777778 0.030555555555555558 0.058333333333333334
