19 0.5099537037037037 0.6680555555555556 0.03564814814814815 0.06759259259259259
8 0.49768518518518523 0.3990740740740741 0.024074074074074074 0.1277777777777778
5 0.8502314814814815 0.549074074074074 0.02361111111111111 0.03518518518518519
16 0.8511574074074074 0.5935185185185186 0.022685185185185187 0.05
17 0.806712962962963 0.39722222222222225 0.05416666666666667 0.024074074074074074
17 0.8078703703703703 0.4203703703703704 0.053703703703703705 0.022222222222222223
17 0.8081018518518519 0.4412037037037037 0.05416666666666667 0.019444444444444445
17 0.8074074074074075 0.46342592592592596 0.05277777777777778 0.02314814814814815
7 0.4226851851851852 0.4708333333333333 0.009259259259259259 0.03981481481481482
7 0.6333333333333333 0.4708333333333333 0.008333333333333333 0.036111111111111115
7 0.6247685185185186 0.47453703703703703 0.005092592592592593 0.021296296296296296
28 0.8486111111111111 0.5087962962962963 0.020370370370370372 0.02314814814814815
