32 0.6365740740740741 0.6574074074074074 0.031481481481481485 0.06296296296296297
16 0.638888888888889 0.7333333333333334 0.030555555555555558 0.08333333333333334
17 0.7245370370370371 0.6606481481481482 0.04814814814814815 0.0712962962962963
17 0.662962962962963 0.42685185185185187 0.062037037037037036 0.031481481481481485
17 0.6648148148148149 0.46342592592592596 0.0638888888888889 0.04166666666666667
17 0.6657407407407407 0.4990740740740741 0.06574074074074074 0.03518518518518519
17 0.6682870370370371 0.5375 0.06712962962962964 0.04351851851851852
17 0.6699074074074074 0.575462962962963 0.0638888888888889 0.03425925925925926
3 0.35370370370370374 0.6509259259259259 0.01388888888888889 0.031481481481481485
16 0.35185185185185186 0.6865740740740741 0.014814814814814815 0.04537037037037037
