28 0.6780092592592593 0.524537037037037 0.0125 0.021296296296296296
5 0.6460648148148148 0.5527777777777778 0.0125 0.022222222222222223
16 0.6460648148148148 0.5810185185185185 0.011574074074074075 0.032407407407407406
23 0.23449074074074075 0.5856481481481481 0.020833333333333336 0.03796296296296296
28 0.3488425925925926 0.5217592592592593 0.004166666666666667 0.006481481481481482
28 0.45046296296296295 0.5226851851851853 0.003703703703703704 0.006481481481481482
17 0.3493055555555556 0.4986111111111111 0.014351851851851852 0.006481481481481482
17 0.3490740740740741 0.5055555555555555 0.014814814814814815 0.005555555555555556
17 0.6453703703703704 0.4532407407407408 0.036111111111111115 0.012037037037037037
17 0.6456018518518519 0.4712962962962963 0.03564814814814815 0.014814814814814815
17 0.6460648148148148 0.48703703703703705 0.03564814814814815 0.012962962962962964
17 0.6462962962962964 0.5046296296296297 0.03333333333333333 0.012962962962962964
17 0.6465277777777778 0.5208333333333334 0.033796296296296297 0.01388888888888889
