7 0.9680555555555556 0.39351851851851855 0.019444444444444445 0.05185185185185186
28 0.9726851851851852 0.4712962962962963 0.020370370370370372 0.03888888888888889
28 0.5587962962962963 0.48888888888888893 0.018518518518518517 0.03333333333333333
7 0.5574074074074075 0.4467592592592593 0.014814814814814815 0.030555555555555558
31 0.5599537037037037 0.5337962962962963 0.022685185185185187 0.04537037037037037
5 0.38310185185185186 0.5981481481481482 0.014351851851851852 0.024074074074074074
17 0.4048611111111111 0.3662037037037037 0.05324074074074074 0.025
17 0.4046296296296297 0.39351851851851855 0.05555555555555556 0.02777777777777778
17 0.4041666666666667 0.4217592592592593 0.05648148148148149 0.028703703703703703
17 0.4053240740740741 0.4518518518518519 0.05416666666666667 0.022222222222222223
17 0.4048611111111111 0.48240740740740745 0.055092592592592596 0.02962962962962963
28 0.08726851851851852 0.5152777777777778 0.010648148148148148 0.015740740740740743
8 0.24930555555555556 0.46944444444444444 0.013425925925925926 0.05
17 0.08657407407407408 0.34814814814814815 0.06666666666666667 0.12592592592592594
