17 0.7810185185185186 0.36435185185185187 0.0925925925925926 0.036111111111111115
17 0.7784722222222222 0.4078703703703704 0.09398148148148149 0.030555555555555558
17 0.7752314814814815 0.4439814814814815 0.0912037037037037 0.028703703703703703
17 0.7726851851851853 0.4777777777777778 0.08888888888888889 0.03333333333333333
7 0.6217592592592592 0.45972222222222225 0.010185185185185186 0.05462962962962963
5 0.851388888888889 0.5837962962962964 0.03981481481481482 0.05648148148148149
16 0.8435185185185186 0.6444444444444445 0.03425925925925926 0.07222222222222223
17 0.2474537037037037 0.3717592592592593 0.04212962962962963 0.017592592592592594
17 0.24884259259259262 0.39305555555555555 0.04212962962962963 0.01388888888888889
17 0.24976851851851853 0.4134259259259259 0.04212962962962963 0.01388888888888889
17 0.25069444444444444 0.43333333333333335 0.04212962962962963 0.014814814814814815
5 0.2831018518518519 0.4847222222222222 0.016203703703703703 0.02314814814814815
16 0.2849537037037037 0.5111111111111112 0.015277777777777779 0.02962962962962963
