19 0.2881944444444445 0.7203703703703704 0.06435185185185185 0.11666666666666667
8 0.2638888888888889 0.3055555555555556 0.05277777777777778 0.2111111111111111
7 0.12546296296296297 0.4189814814814815 0.018518518518518517 0.0712962962962963
7 0.4590277777777778 0.42592592592592593 0.011574074074074075 0.0462962962962963
7 0.44837962962962963 0.4310185185185185 0.006944444444444445 0.02314814814814815
28 0.6775462962962964 0.47453703703703703 0.01712962962962963 0.028703703703703703
5 0.6784722222222223 0.5199074074074074 0.018055555555555557 0.03425925925925926
16 0.6791666666666667 0.562962962962963 0.017592592592592594 0.0462962962962963
17 0.6409722222222223 0.3541666666666667 0.046759259259259264 0.015740740740740743
17 0.6412037037037037 0.3773148148148148 0.04814814814814815 0.02314814814814815
17 0.6414351851851852 0.40231481481481485 0.047685185185185185 0.02314814814814815
17 0.6409722222222223 0.42592592592592593 0.047685185185185185 0.022222222222222223
