3 0.300462962962963 0.6175925925925926 0.03333333333333333 0.053703703703703705
16 0.30069444444444443 0.6893518518518519 0.02638888888888889 0.0712962962962963
17 0.36597222222222225 0.40092592592592596 0.038425925925925926 0.018518518518518517
17 0.36574074074074076 0.42083333333333334 0.03796296296296296 0.015740740740740743
17 0.3648148148148148 0.4412037037037037 0.03796296296296296 0.017592592592592594
17 0.36458333333333337 0.4601851851851852 0.03935185185185185 0.014814814814814815
17 0.36458333333333337 0.48055555555555557 0.03935185185185185 0.018518518518518517
17 0.3648148148148148 0.4981481481481482 0.03796296296296296 0.016666666666666666
28 0.5995370370370371 0.4916666666666667 0.007407407407407408 0.012962962962962964
28 0.5002314814814816 0.500462962962963 0.006944444444444445 0.01388888888888889
