16 0.8148148148148149 0.6694444444444445 0.012037037037037037 0.05925925925925926
32 0.8143518518518519 0.6143518518518519 0.02592592592592593 0.04351851851851852
17 0.5527777777777778 0.5064814814814815 0.02777777777777778 0.012962962962962964
17 0.5525462962962964 0.4740740740740741 0.02638888888888889 0.012962962962962964
17 0.5523148148148148 0.4912037037037037 0.02777777777777778 0.01388888888888889
17 0.5523148148148148 0.524537037037037 0.02777777777777778 0.01388888888888889
17 0.2064814814814815 0.5023148148148149 0.02314814814814815 0.03425925925925926
28 0.2215277777777778 0.5356481481481482 0.007870370370370371 0.012037037037037037
28 0.4164351851851852 0.5462962962962963 0.004166666666666667 0.011111111111111112
21 0.5685185185185185 0.5685185185185185 0.007407407407407408 0.018518518518518517
