28 0.8043981481481481 0.5643518518518519 0.01712962962962963 0.028703703703703703
28 0.5349537037037038 0.5620370370370371 0.010648148148148148 0.024074074074074074
16 0.4981481481481482 0.6402777777777778 0.015740740740740743 0.03425925925925926
5 0.4979166666666667 0.6097222222222223 0.018055555555555557 0.02314814814814815
17 0.4986111111111111 0.47870370370370374 0.031481481481481485 0.014814814814814815
17 0.4983796296296297 0.4967592592592593 0.033796296296296297 0.015740740740740743
17 0.4983796296296297 0.5157407407407407 0.033796296296296297 0.016666666666666666
17 0.4988425925925926 0.538425925925926 0.03287037037037037 0.017592592592592594
17 0.4986111111111111 0.5574074074074075 0.03425925925925926 0.016666666666666666
8 0.35694444444444445 0.5310185185185186 0.007407407407407408 0.036111111111111115
7 0.37453703703703706 0.5402777777777777 0.006481481481481482 0.021296296296296296
