51 0.09908037113599684 0.559319013828706 0.05193784858214801 0.07376225610814557
2 0.603584951615939 0.5135321952322158 0.014669468683507532 0.037618750615154115
15 0.6021972991729043 0.5555766812138588 0.012687108050601026 0.061222672569760876
58 0.5030792675275838 0.445670919612722 0.009515331037950787 0.0317177701265026
58 0.600214938539998 0.43128727967163355 0.011894163797438467 0.04278210854272452
58 0.7124172268071013 0.40239854169848926 0.03140059242523762 0.06247663092359936
58 0.22864684757008163 0.44432695022475066 0.01535140074122726 0.03570093195634243
58 0.2615084397817713 0.45235965991492777 0.0167905945607173 0.039271025151976675
58 0.17395748242945955 0.3648923766218887 0.015351400741227223 0.04105607174979383
22 0.38508692634059094 0.48555996685568864 0.010440350239004772 0.02000662464404641
14 0.3850869263405909 0.5079945799274106 0.011484385262905263 0.028747382983678234
