21 0.44738601796468125 0.4974306764681549 0.027754608304933866 0.051924472680072074
14 0.4499091641742207 0.5587959623627855 0.03135910288999021 0.07754953711958819
58 0.4439705450574192 0.42354324901409607 0.024961820668970205 0.09557129428112333
51 0.3632664882536685 0.4664895600584174 0.008447667113979023 0.015626670308600054
22 0.42518514534233004 0.455203017395134 0.004773358629725734 0.009750317523701141
14 0.42552609953016757 0.46755038210972755 0.005552682487640155 0.01530890975683917
58 0.2500337573329378 0.4348581763905743 0.018238742600385115 0.06453470175951814
58 0.30156517987806275 0.4459926915535127 0.006103929672852964 0.018651825283439293
58 0.3429701694922487 0.4442797688234008 0.005493536705567621 0.020555072761341223
58 0.3605698333823079 0.44332814508444984 0.006510858317709776 0.018651825283439224
58 0.1054833045616444 0.41149113238743174 0.0633280862637721 0.09280683535563625
58 0.8643868831180856 0.42262785644944345 0.04432966038464045 0.09971798266935387
