0 0.08883994126284875 0.30544950236580193 0.027900146842878126 0.06297927883830966
22 0.7767988252569751 0.40936531244901286 0.02936857562408221 0.08187306248980264
14 0.7694566813509545 0.4833659650840268 0.02643171806167402 0.09761788219937997
0 0.5748898678414097 0.3164708761625061 0.027900146842878115 0.06612824278022515
58 0.5800293685756241 0.24404470549844998 0.023494860499265826 0.07872409854788706
58 0.08883994126284875 0.2267254038179148 0.027900146842878126 0.09446891825746455
22 0.03303964757709252 0.33693914178495676 0.019089574155653453 0.025191711535323832
14 0.03524229074889868 0.3700032631750693 0.014684287812041114 0.04093653124490132
58 0.6622613803230543 0.2597895252080274 0.023494860499265826 0.07242617066405607
58 0.023494860499265788 0.26608745309185833 0.017621145374449344 0.040936531244901285
